<?xml version="1.0"?>
<opencv_storage>
<CornersAmount>48</CornersAmount>
<Corner_0>
  347 326</Corner_0>
<Corner_1>
  336 320</Corner_1>
<Corner_2>
  326 315</Corner_2>
<Corner_3>
  316 311</Corner_3>
<Corner_4>
  307 308</Corner_4>
<Corner_5>
  297 303</Corner_5>
<Corner_6>
  289 300</Corner_6>
<Corner_7>
  280 294</Corner_7>
<Corner_8>
  358 321</Corner_8>
<Corner_9>
  347 317</Corner_9>
<Corner_10>
  336 312</Corner_10>
<Corner_11>
  327 309</Corner_11>
<Corner_12>
  318 304</Corner_12>
<Corner_13>
  308 301</Corner_13>
<Corner_14>
  300 295</Corner_14>
<Corner_15>
  291 293</Corner_15>
<Corner_16>
  369 318</Corner_16>
<Corner_17>
  356 312</Corner_17>
<Corner_18>
  347 309</Corner_18>
<Corner_19>
  337 303</Corner_19>
<Corner_20>
  327 300</Corner_20>
<Corner_21>
  318 295</Corner_21>
<Corner_22>
  309 293</Corner_22>
<Corner_23>
  302 288</Corner_23>
<Corner_24>
  376 312</Corner_24>
<Corner_25>
  367 308</Corner_25>
<Corner_26>
  356 304</Corner_26>
<Corner_27>
  346 301</Corner_27>
<Corner_28>
  335 297</Corner_28>
<Corner_29>
  328 293</Corner_29>
<Corner_30>
  318 290</Corner_30>
<Corner_31>
  311 286</Corner_31>
<Corner_32>
  387 309</Corner_32>
<Corner_33>
  374 304</Corner_33>
<Corner_34>
  367 302</Corner_34>
<Corner_35>
  356 297</Corner_35>
<Corner_36>
  347 295</Corner_36>
<Corner_37>
  337 288</Corner_37>
<Corner_38>
  329 288</Corner_38>
<Corner_39>
  320 281</Corner_39>
<Corner_40>
  395 304</Corner_40>
<Corner_41>
  385 302</Corner_41>
<Corner_42>
  376 297</Corner_42>
<Corner_43>
  365 295</Corner_43>
<Corner_44>
  355 290</Corner_44>
<Corner_45>
  346 287</Corner_45>
<Corner_46>
  336 283</Corner_46>
<Corner_47>
  329 281</Corner_47>
</opencv_storage>
