<?xml version="1.0"?>
<opencv_storage>
<CameraMatrix type_id="opencv-matrix">
  <rows>3</rows>
  <cols>3</cols>
  <dt>f</dt>
  <data>
    4.87252991e+002 0. 2.97857697e+002 0. 4.89743317e+002
    2.42119415e+002 0. 0. 1.</data></CameraMatrix>
<DistortionCoeffs type_id="opencv-matrix">
  <rows>5</rows>
  <cols>1</cols>
  <dt>f</dt>
  <data>
    -3.85697544e-001 2.72524923e-001 -2.78080930e-004 6.02762797e-004
    -1.60465628e-001</data></DistortionCoeffs>
<RotationValues type_id="opencv-matrix">
  <rows>3</rows>
  <cols>1</cols>
  <dt>f</dt>
  <data>
    1.75859702e+000 -6.44847214e-001 4.83260483e-001</data></RotationValues>
<TranslationValues type_id="opencv-matrix">
  <rows>3</rows>
  <cols>1</cols>
  <dt>f</dt>
  <data>
    3.68765167e+002 6.22434143e+002 3.60359399e+003</data></TranslationValues>
</opencv_storage>
