<?xml version="1.0"?>
<opencv_storage>
<CornersAmount>48</CornersAmount>
<Corner_0>
  297 382</Corner_0>
<Corner_1>
  299 372</Corner_1>
<Corner_2>
  301 359</Corner_2>
<Corner_3>
  303 350</Corner_3>
<Corner_4>
  306 340</Corner_4>
<Corner_5>
  307 332</Corner_5>
<Corner_6>
  309 322</Corner_6>
<Corner_7>
  311 317</Corner_7>
<Corner_8>
  319 383</Corner_8>
<Corner_9>
  319 373</Corner_9>
<Corner_10>
  321 362</Corner_10>
<Corner_11>
  323 351</Corner_11>
<Corner_12>
  323 342</Corner_12>
<Corner_13>
  325 332</Corner_13>
<Corner_14>
  326 324</Corner_14>
<Corner_15>
  327 315</Corner_15>
<Corner_16>
  338 384</Corner_16>
<Corner_17>
  339 373</Corner_17>
<Corner_18>
  341 362</Corner_18>
<Corner_19>
  341 351</Corner_19>
<Corner_20>
  342 343</Corner_20>
<Corner_21>
  342 335</Corner_21>
<Corner_22>
  344 326</Corner_22>
<Corner_23>
  344 318</Corner_23>
<Corner_24>
  359 385</Corner_24>
<Corner_25>
  359 373</Corner_25>
<Corner_26>
  359 362</Corner_26>
<Corner_27>
  359 352</Corner_27>
<Corner_28>
  359 342</Corner_28>
<Corner_29>
  359 334</Corner_29>
<Corner_30>
  359 326</Corner_30>
<Corner_31>
  359 318</Corner_31>
<Corner_32>
  379 386</Corner_32>
<Corner_33>
  379 375</Corner_33>
<Corner_34>
  379 363</Corner_34>
<Corner_35>
  379 353</Corner_35>
<Corner_36>
  379 344</Corner_36>
<Corner_37>
  379 336</Corner_37>
<Corner_38>
  379 327</Corner_38>
<Corner_39>
  379 319</Corner_39>
<Corner_40>
  402 386</Corner_40>
<Corner_41>
  401 375</Corner_41>
<Corner_42>
  400 364</Corner_42>
<Corner_43>
  399 355</Corner_43>
<Corner_44>
  398 343</Corner_44>
<Corner_45>
  397 335</Corner_45>
<Corner_46>
  396 327</Corner_46>
<Corner_47>
  396 318</Corner_47>
</opencv_storage>
