<?xml version="1.0"?>
<opencv_storage>
<CornersAmount>48</CornersAmount>
<Corner_0>
  330 376</Corner_0>
<Corner_1>
  311 378</Corner_1>
<Corner_2>
  291 378</Corner_2>
<Corner_3>
  272 378</Corner_3>
<Corner_4>
  252 377</Corner_4>
<Corner_5>
  233 377</Corner_5>
<Corner_6>
  213 376</Corner_6>
<Corner_7>
  195 376</Corner_7>
<Corner_8>
  329 367</Corner_8>
<Corner_9>
  310 368</Corner_9>
<Corner_10>
  292 367</Corner_10>
<Corner_11>
  273 367</Corner_11>
<Corner_12>
  253 367</Corner_12>
<Corner_13>
  235 366</Corner_13>
<Corner_14>
  216 366</Corner_14>
<Corner_15>
  199 365</Corner_15>
<Corner_16>
  328 358</Corner_16>
<Corner_17>
  309 358</Corner_17>
<Corner_18>
  291 358</Corner_18>
<Corner_19>
  273 358</Corner_19>
<Corner_20>
  255 358</Corner_20>
<Corner_21>
  237 357</Corner_21>
<Corner_22>
  219 357</Corner_22>
<Corner_23>
  202 356</Corner_23>
<Corner_24>
  328 349</Corner_24>
<Corner_25>
  310 350</Corner_25>
<Corner_26>
  292 349</Corner_26>
<Corner_27>
  274 349</Corner_27>
<Corner_28>
  256 348</Corner_28>
<Corner_29>
  239 349</Corner_29>
<Corner_30>
  222 348</Corner_30>
<Corner_31>
  205 348</Corner_31>
<Corner_32>
  327 341</Corner_32>
<Corner_33>
  309 341</Corner_33>
<Corner_34>
  292 341</Corner_34>
<Corner_35>
  275 341</Corner_35>
<Corner_36>
  259 341</Corner_36>
<Corner_37>
  241 341</Corner_37>
<Corner_38>
  226 341</Corner_38>
<Corner_39>
  208 340</Corner_39>
<Corner_40>
  326 333</Corner_40>
<Corner_41>
  309 333</Corner_41>
<Corner_42>
  292 333</Corner_42>
<Corner_43>
  276 333</Corner_43>
<Corner_44>
  259 333</Corner_44>
<Corner_45>
  243 333</Corner_45>
<Corner_46>
  227 333</Corner_46>
<Corner_47>
  211 332</Corner_47>
</opencv_storage>
