<?xml version="1.0"?>
<opencv_storage>
<CornersAmount>48</CornersAmount>
<Corner_0>
  274 349</Corner_0>
<Corner_1>
  285 346</Corner_1>
<Corner_2>
  295 340</Corner_2>
<Corner_3>
  305 337</Corner_3>
<Corner_4>
  314 332</Corner_4>
<Corner_5>
  323 332</Corner_5>
<Corner_6>
  332 326</Corner_6>
<Corner_7>
  341 325</Corner_7>
<Corner_8>
  284 353</Corner_8>
<Corner_9>
  293 348</Corner_9>
<Corner_10>
  305 345</Corner_10>
<Corner_11>
  314 339</Corner_11>
<Corner_12>
  324 337</Corner_12>
<Corner_13>
  333 333</Corner_13>
<Corner_14>
  342 330</Corner_14>
<Corner_15>
  350 326</Corner_15>
<Corner_16>
  293 356</Corner_16>
<Corner_17>
  304 353</Corner_17>
<Corner_18>
  314 347</Corner_18>
<Corner_19>
  323 344</Corner_19>
<Corner_20>
  333 339</Corner_20>
<Corner_21>
  343 337</Corner_21>
<Corner_22>
  350 333</Corner_22>
<Corner_23>
  360 330</Corner_23>
<Corner_24>
  305 362</Corner_24>
<Corner_25>
  313 355</Corner_25>
<Corner_26>
  325 352</Corner_26>
<Corner_27>
  335 347</Corner_27>
<Corner_28>
  344 344</Corner_28>
<Corner_29>
  352 339</Corner_29>
<Corner_30>
  361 336</Corner_30>
<Corner_31>
  370 332</Corner_31>
<Corner_32>
  314 366</Corner_32>
<Corner_33>
  325 360</Corner_33>
<Corner_34>
  335 355</Corner_34>
<Corner_35>
  346 351</Corner_35>
<Corner_36>
  355 346</Corner_36>
<Corner_37>
  363 343</Corner_37>
<Corner_38>
  371 338</Corner_38>
<Corner_39>
  380 335</Corner_39>
<Corner_40>
  326 371</Corner_40>
<Corner_41>
  336 364</Corner_41>
<Corner_42>
  346 360</Corner_42>
<Corner_43>
  356 354</Corner_43>
<Corner_44>
  365 352</Corner_44>
<Corner_45>
  374 346</Corner_45>
<Corner_46>
  383 343</Corner_46>
<Corner_47>
  391 339</Corner_47>
</opencv_storage>
