<?xml version="1.0"?>
<opencv_storage>
<CameraMatrix type_id="opencv-matrix">
  <rows>3</rows>
  <cols>3</cols>
  <dt>f</dt>
  <data>
    4.88253082e+002 0. 3.12613373e+002 0. 4.90593445e+002
    2.35444199e+002 0. 0. 1.</data></CameraMatrix>
<DistortionCoeffs type_id="opencv-matrix">
  <rows>5</rows>
  <cols>1</cols>
  <dt>f</dt>
  <data>
    -3.96623105e-001 3.01425219e-001 -2.69768731e-004 -1.21459831e-003
    -1.83330670e-001</data></DistortionCoeffs>
<RotationValues type_id="opencv-matrix">
  <rows>3</rows>
  <cols>1</cols>
  <dt>f</dt>
  <data>
    1.65066898e+000 6.68070078e-001 -5.86977780e-001</data></RotationValues>
<TranslationValues type_id="opencv-matrix">
  <rows>3</rows>
  <cols>1</cols>
  <dt>f</dt>
  <data>
    -3.11827332e+002 9.13822144e+002 3.86987134e+003</data></TranslationValues>
</opencv_storage>
